REM  Relative accessibilites read from external file "standard.data"
REM  File of summed (Sum) and % (per.) accessibilities for 
REM RES _ NUM      All-atoms   Total-Side   Main-Chain    Non-polar    All polar
REM                ABS   REL    ABS   REL    ABS   REL    ABS   REL    ABS   REL
RES MET A   1    94.27  48.6  56.71  36.2  37.57 100.2  56.71  35.9  37.57 103.4
RES VAL A   2   129.81  85.7 112.67  98.6  17.14  46.1 112.74  97.6  17.07  47.5
RES LEU A   3     9.35   5.2   0.00   0.0   9.35  24.9   0.53   0.4   8.82  24.3
RES SER A   4    61.54  52.8  59.29  75.9   2.24   5.8  51.84 106.8   9.70  14.3
RES GLU A   5    95.22  55.3  86.38  64.1   8.84  23.6  66.23 109.8  28.99  25.9
RES GLY A   6    44.23  55.2  34.30 106.1   9.93  20.8  37.04  98.6   7.19  16.9
RES GLU A   7    42.62  24.7  41.71  31.0   0.90   2.4  22.24  36.9  20.37  18.2
RES TRP A   8    11.00   4.4  11.00   5.2   0.00   0.0   6.75   3.6   4.25   7.1
RES GLN A   9   102.54  57.4 100.33  71.2   2.21   5.9  39.58  75.8  62.96  49.9
RES LEU A  10    66.59  37.3  66.13  46.9   0.45   1.2  66.13  46.5   0.45   1.2
RES VAL A  11     0.00   0.0   0.00   0.0   0.00   0.0   0.00   0.0   0.00   0.0
RES LEU A  12    40.76  22.8  35.11  24.9   5.65  15.1  36.42  25.6   4.34  12.0
RES HIS A  13    94.33  51.6  92.55  62.9   1.78   5.0  61.22  63.0  33.11  38.6
RES VAL A  14     0.00   0.0   0.00   0.0   0.00   0.0   0.00   0.0   0.00   0.0
RES TRP A  15     4.24   1.7   4.24   2.0   0.00   0.0   3.12   1.6   1.12   1.9
RES ALA A  16    59.42  55.0  47.76  68.8  11.65  30.2  48.49  67.9  10.93  29.9
RES LYS A  17    79.55  39.6  76.30  46.7   3.25   8.7  30.49  26.2  49.06  58.2
RES VAL A  18     0.79   0.5   0.79   0.7   0.00   0.0   0.79   0.7   0.00   0.0
RES GLU A  19    74.54  43.3  54.55  40.5  19.99  53.3  25.70  42.6  48.85  43.6
RES ALA A  20    93.74  86.8  61.26  88.3  32.48  84.3  62.34  87.3  31.39  85.8
RES ASP A  21    58.65  41.8  58.65  57.1   0.00   0.0  34.85  70.8  23.80  26.1
RES VAL A  22    35.81  23.6  31.97  28.0   3.84  10.3  31.97  27.7   3.84  10.7
RES ALA A  23    33.56  31.1  31.77  45.8   1.79   4.6  31.77  44.5   1.79   4.9
RES GLY A  24    16.90  21.1  15.67  48.5   1.23   2.6  15.67  41.7   1.23   2.9
RES HIS A  25     3.84   2.1   3.84   2.6   0.00   0.0   3.84   4.0   0.00   0.0
RES GLY A  26     0.64   0.8   0.61   1.9   0.02   0.0   0.61   1.6   0.02   0.1
RES GLN A  27    24.08  13.5  24.08  17.1   0.00   0.0   0.69   1.3  23.39  18.5
RES ASP A  28    44.55  31.7  42.21  41.1   2.34   6.2  13.45  27.3  31.10  34.1
RES ILE A  29     2.71   1.5   2.71   2.0   0.00   0.0   2.71   1.9   0.00   0.0
RES LEU A  30     2.46   1.4   2.46   1.7   0.00   0.0   2.46   1.7   0.00   0.0
RES ILE A  31     9.47   5.4   9.47   6.9   0.00   0.0   9.47   6.8   0.00   0.0
RES ARG A  32    91.44  38.3  91.28  45.4   0.16   0.4  17.16  22.1  74.28  46.1
RES LEU A  33     6.72   3.8   6.72   4.8   0.00   0.0   6.72   4.7   0.00   0.0
RES PHE A  34     4.50   2.3   0.15   0.1   4.35  12.3   0.37   0.2   4.13  12.1
RES LYS A  35   121.40  60.5  98.32  60.2  23.08  61.5  66.03  56.6  55.36  65.7
RES SER A  36    47.45  40.7  26.66  34.1  20.79  54.1  23.78  49.0  23.67  34.8
RES HIS A  37    34.27  18.7  34.27  23.3   0.00   0.0  22.36  23.0  11.91  13.9
RES PRO A  38    83.08  61.0  79.21  66.1   3.87  23.9  80.76  66.8   2.32  15.3
RES GLU A  39    77.73  45.1  72.66  53.9   5.06  13.5  51.55  85.5  26.17  23.4
RES THR A  40     2.61   1.9   2.49   2.5   0.12   0.3   2.49   3.3   0.12   0.2
RES LEU A  41    17.02   9.5  17.02  12.1   0.00   0.0  17.02  12.0   0.00   0.0
RES GLU A  42   115.92  67.3  98.92  73.4  17.00  45.3  48.27  80.1  67.65  60.4
RES LYS A  43    77.60  38.6  56.89  34.8  20.70  55.2  32.23  27.7  45.36  53.8
RES PHE A  44    48.56  24.3  48.56  29.6   0.00   0.0  48.56  29.4   0.00   0.0
RES ASP A  45   109.61  78.1  91.54  89.1  18.07  47.9  40.28  81.8  69.33  76.1
RES ARG A  46   133.78  56.0 128.68  63.9   5.10  13.6  65.16  83.8  68.61  42.6
RES PHE A  47     5.33   2.7   5.33   3.2   0.00   0.0   5.33   3.2   0.00   0.0
RES LYS A  48   100.63  50.1  81.39  49.8  19.24  51.3  49.45  42.4  51.18  60.8
RES HIS A  49   117.51  64.3 109.75  74.6   7.76  21.7  82.25  84.7  35.26  41.1
RES LEU A  50    14.99   8.4  13.42   9.5   1.57   4.2  13.42   9.4   1.57   4.3
RES LYS A  51   174.57  86.9 145.23  88.9  29.34  78.2  97.15  83.3  77.42  91.9
RES THR A  52    68.44  49.1  68.29  67.2   0.15   0.4  66.04  87.2   2.41   3.8
RES GLU A  53    59.48  34.5  51.04  37.9   8.45  22.5  23.45  38.9  36.04  32.2
RES ALA A  54    73.55  68.1  65.50  94.4   8.05  20.9  67.43  94.5   6.12  16.7
RES GLU A  55    76.02  44.1  73.82  54.8   2.20   5.9  35.67  59.2  40.35  36.0
RES MET A  56    10.33   5.3  10.33   6.6   0.00   0.0  10.33   6.5   0.00   0.0
RES LYS A  57   108.89  54.2  92.95  56.9  15.94  42.5  59.37  50.9  49.51  58.8
RES ALA A  58    79.98  74.1  60.99  87.9  18.99  49.3  62.10  87.0  17.89  48.9
RES SER A  59    17.85  15.3  17.56  22.5   0.29   0.8  10.95  22.6   6.90  10.2
RES GLU A  60    94.55  54.9  91.42  67.8   3.13   8.4  56.65  94.0  37.91  33.9
RES ASP A  61    52.99  37.7  52.21  50.8   0.78   2.1  15.05  30.6  37.94  41.6
RES LEU A  62     0.00   0.0   0.00   0.0   0.00   0.0   0.00   0.0   0.00   0.0
RES LYS A  63    58.55  29.2  58.52  35.8   0.02   0.1  32.81  28.1  25.74  30.6
RES LYS A  64   124.37  61.9 120.36  73.7   4.01  10.7  80.99  69.5  43.39  51.5
RES HIS A  65    50.16  27.4  49.79  33.8   0.37   1.0  32.84  33.8  17.32  20.2
RES GLY A  66     0.48   0.6   0.48   1.5   0.00   0.0   0.48   1.3   0.00   0.0
RES VAL A  67    54.47  36.0  54.47  47.7   0.00   0.0  54.47  47.2   0.00   0.0
RES THR A  68    86.88  62.4  85.68  84.2   1.20   3.2  61.42  81.1  25.46  40.1
RES VAL A  69    40.20  26.5  38.86  34.0   1.35   3.6  38.86  33.7   1.35   3.7
RES LEU A  70     3.25   1.8   1.46   1.0   1.79   4.8   2.29   1.6   0.96   2.6
RES THR A  71    84.77  60.9  82.36  81.0   2.42   6.4  72.93  96.3  11.85  18.6
RES ALA A  72    38.35  35.5  36.99  53.3   1.36   3.5  36.99  51.8   1.36   3.7
RES LEU A  73    13.45   7.5  12.65   9.0   0.80   2.1  12.65   8.9   0.80   2.2
RES GLY A  74     2.53   3.2   1.72   5.3   0.82   1.7   2.53   6.7   0.00   0.0
RES ALA A  75    46.00  42.6  42.74  61.6   3.25   8.4  42.74  59.9   3.25   8.9
RES ILE A  76     3.30   1.9   3.28   2.4   0.02   0.0   3.28   2.4   0.02   0.1
RES LEU A  77     2.47   1.4   2.47   1.8   0.00   0.0   2.47   1.7   0.00   0.0
RES LYS A  78   103.05  51.3  84.44  51.7  18.60  49.6  60.17  51.6  42.88  50.9
RES LYS A  79    84.67  42.2  82.26  50.4   2.41   6.4  35.90  30.8  48.76  57.9
RES LYS A  80    62.81  31.3  52.84  32.4   9.97  26.6  33.33  28.6  29.48  35.0
RES GLY A  81    29.38  36.7   7.25  22.4  22.13  46.3   9.80  26.1  19.57  46.0
RES HIS A  82   158.75  86.8 143.99  97.9  14.75  41.2  92.32  95.0  66.43  77.5
RES HIS A  83     7.60   4.2   7.41   5.0   0.20   0.6   6.05   6.2   1.55   1.8
RES GLU A  84    92.73  53.8  91.33  67.8   1.40   3.7  42.69  70.8  50.04  44.7
RES ALA A  85    74.72  69.2  61.46  88.5  13.27  34.4  63.17  88.5  11.56  31.6
RES GLU A  86    47.99  27.9  42.78  31.8   5.21  13.9  24.50  40.6  23.49  21.0
RES LEU A  87     2.43   1.4   2.43   1.7   0.00   0.0   2.43   1.7   0.00   0.0
RES LYS A  88   110.62  55.1 106.97  65.5   3.65   9.7  62.64  53.7  47.98  57.0
RES PRO A  89    84.31  61.9  78.87  65.8   5.44  33.5  80.44  66.5   3.87  25.5
RES LEU A  90    39.86  22.3  39.21  27.8   0.64   1.7  39.26  27.6   0.60   1.7
RES ALA A  91     0.39   0.4   0.39   0.6   0.00   0.0   0.39   0.6   0.00   0.0
RES GLN A  92   102.94  57.7 102.94  73.0   0.00   0.0  18.15  34.7  84.79  67.1
RES SER A  93    35.23  30.2  34.75  44.5   0.49   1.3  30.33  62.5   4.90   7.2
RES HIS A  94    50.20  27.4  50.20  34.1   0.00   0.0  21.92  22.6  28.28  33.0
RES ALA A  95     0.17   0.2   0.00   0.0   0.17   0.4   0.00   0.0   0.17   0.5
RES THR A  96    69.11  49.6  52.64  51.8  16.47  43.8  43.18  57.0  25.94  40.8
RES LYS A  97   153.29  76.3 132.13  80.9  21.15  56.4  85.32  73.2  67.97  80.7
RES HIS A  98    75.52  41.3  68.71  46.7   6.80  19.0  36.34  37.4  39.18  45.7
RES LYS A  99    95.72  47.7  94.44  57.8   1.28   3.4  71.45  61.3  24.27  28.8
RES ILE A 100    16.86   9.6  16.86  12.2   0.00   0.0  16.86  12.1   0.00   0.0
RES PRO A 101    29.07  21.4  29.07  24.2   0.00   0.0  29.07  24.0   0.00   0.0
RES ILE A 102    34.49  19.7  34.49  25.0   0.00   0.0  34.49  24.8   0.00   0.0
RES LYS A 103   100.33  50.0  97.51  59.7   2.82   7.5  76.21  65.4  24.12  28.6
RES TYR A 104    36.97  17.4  34.69  19.6   2.28   6.4  18.07  13.2  18.90  24.8
RES LEU A 105    15.78   8.8  15.67  11.1   0.11   0.3  15.67  11.0   0.11   0.3
RES GLU A 106    56.67  32.9  56.34  41.8   0.33   0.9  17.13  28.4  39.54  35.3
RES PHE A 107    24.02  12.0  23.57  14.4   0.45   1.3  23.57  14.3   0.45   1.3
RES ILE A 108    27.89  15.9  27.89  20.2   0.00   0.0  27.89  20.0   0.00   0.0
RES SER A 109     7.53   6.5   7.10   9.1   0.44   1.1   6.01  12.4   1.52   2.2
RES GLU A 110    96.76  56.2  92.01  68.3   4.75  12.7  51.01  84.6  45.75  40.9
RES ALA A 111     4.62   4.3   3.76   5.4   0.85   2.2   3.76   5.3   0.85   2.3
RES ILE A 112     4.06   2.3   4.06   2.9   0.00   0.0   4.06   2.9   0.00   0.0
RES ILE A 113    19.87  11.3  19.87  14.4   0.00   0.0  19.87  14.3   0.00   0.0
RES HIS A 114    79.08  43.2  78.73  53.5   0.35   1.0  43.72  45.0  35.36  41.2
RES VAL A 115     8.97   5.9   8.97   7.8   0.00   0.0   8.97   7.8   0.00   0.0
RES LEU A 116     0.38   0.2   0.38   0.3   0.00   0.0   0.38   0.3   0.00   0.0
RES HIS A 117   100.40  54.9  98.72  67.1   1.68   4.7  66.53  68.5  33.86  39.5
RES SER A 118    70.72  60.7  47.48  60.8  23.24  60.5  37.83  77.9  32.89  48.4
RES ARG A 119    95.55  40.0  73.30  36.4  22.25  59.3  31.35  40.3  64.20  39.9
RES HIS A 120    28.53  15.6  28.53  19.4   0.00   0.0  18.54  19.1   9.99  11.7
RES PRO A 121    92.17  67.7  74.99  62.5  17.18 105.9  76.57  63.3  15.61 102.7
RES GLY A 122    80.04  99.9  41.19 127.4  38.85  81.3  43.15 114.9  36.89  86.7
RES ASP A 123    47.27  33.7  40.85  39.8   6.42  17.0   9.60  19.5  37.67  41.3
RES PHE A 124     1.41   0.7   0.00   0.0   1.41   4.0   0.00   0.0   1.41   4.1
RES GLY A 125    42.59  53.2  35.86 110.9   6.73  14.1  37.99 101.2   4.61  10.8
RES ALA A 126    92.21  85.4  72.98 105.1  19.24  49.9  74.41 104.2  17.81  48.7
RES ASP A 127   110.85  79.0 106.07 103.3   4.78  12.7  33.35  67.7  77.50  85.0
RES ALA A 128     6.35   5.9   5.45   7.9   0.90   2.3   5.45   7.6   0.90   2.4
RES GLN A 129    55.80  31.3  55.80  39.6   0.00   0.0   3.49   6.7  52.31  41.4
RES GLY A 130    36.93  46.1  27.52  85.1   9.41  19.7  32.23  85.8   4.69  11.0
RES ALA A 131     2.55   2.4   0.87   1.3   1.68   4.4   0.87   1.2   1.68   4.6
RES MET A 132     0.10   0.0   0.10   0.1   0.00   0.0   0.10   0.1   0.00   0.0
RES ASN A 133    65.65  45.6  62.85  59.2   2.80   7.4  24.06  52.0  41.59  42.6
RES LYS A 134    54.03  26.9  53.40  32.7   0.64   1.7  33.77  29.0  20.27  24.1
RES ALA A 135     1.91   1.8   0.00   0.0   1.91   5.0   0.00   0.0   1.91   5.2
RES LEU A 136     2.07   1.2   2.07   1.5   0.00   0.0   2.07   1.5   0.00   0.0
RES GLU A 137    77.88  45.2  77.44  57.5   0.44   1.2  21.61  35.8  56.27  50.3
RES LEU A 138    15.52   8.7  15.52  11.0   0.00   0.0  15.52  10.9   0.00   0.0
RES PHE A 139    15.75   7.9  15.75   9.6   0.00   0.0  15.75   9.5   0.00   0.0
RES ARG A 140    44.31  18.6  43.38  21.6   0.93   2.5   6.42   8.3  37.88  23.5
RES LYS A 141   121.54  60.5 118.58  72.6   2.96   7.9  72.07  61.8  49.47  58.7
RES ASP A 142    38.60  27.5  37.92  36.9   0.68   1.8  15.81  32.1  22.79  25.0
RES ILE A 143     2.28   1.3   2.28   1.7   0.00   0.0   2.28   1.6   0.00   0.0
RES ALA A 144    24.38  22.6  23.47  33.8   0.92   2.4  23.70  33.2   0.68   1.9
RES ALA A 145    48.44  44.9  46.15  66.5   2.29   5.9  46.15  64.7   2.29   6.3
RES LYS A 146    33.94  16.9  33.94  20.8   0.00   0.0  19.50  16.7  14.43  17.1
RES TYR A 147     1.91   0.9   1.91   1.1   0.00   0.0   1.91   1.4   0.00   0.0
RES LYS A 148   153.56  76.5 135.43  82.9  18.12  48.3  88.73  76.1  64.82  77.0
RES GLU A 149   123.42  71.7  92.30  68.5  31.12  83.0  55.78  92.5  67.64  60.4
RES LEU A 150    74.47  41.7  50.61  35.9  23.87  63.6  54.69  38.4  19.78  54.5
RES GLY A 151    69.14  86.3  35.38 109.4  33.76  70.7  37.72 100.5  31.41  73.8
RES TYR A 152    36.45  17.1  35.95  20.3   0.50   1.4  30.26  22.2   6.19   8.1
RES GLN A 153   179.49 100.6 146.38 103.8  33.12  88.3  55.33 106.0 124.17  98.3
RES GLY A 154    38.17  47.7  19.61  60.7  18.56  38.9  23.07  61.4  15.10  35.5
END  Absolute sums over single chains surface 
CHAIN  1 A     8104.4       7197.4        907.0       4905.1       3199.3
END  Absolute sums over all chains 
TOTAL          8104.4       7197.4        907.0       4905.1       3199.3
